157.304 87.7877 1.0583 5.43522 0 0 15 72 34 0 0 0 115 1 1 22 30 0 0 57 158 0 0 0 0 0 0 116 15 1 4 3 0 0 1 18 0 0 1 109 46 0 2 9 91 3 0 86 82 3 1 32 158 17 1 3 2 0 0 83 35 6 2 2 0 0 3 22 12 0 0 47 10 0 4 74 59 22 14 158 46 0 0 7 158 77 13 25 3 0 0 3 40 13 13 26 0 0 0 0 31 0 0 1 0 0 3 98 25 14 18 50 1 0 3 63 158 58 15 13 0 0 0 43 36 3 4 17 0 0 0 15 
192.895 89.9669 0.974176 4.21289 24 56 24 18 2 0 0 0 35 101 6 0 5 13 9 9 154 27 0 0 0 5 9 31 57 15 0 0 0 0 0 0 50 25 4 1 0 8 19 29 45 21 1 0 21 128 36 22 154 20 0 0 2 21 9 32 64 10 0 0 0 0 0 0 8 1 0 0 16 67 72 15 112 11 1 0 1 94 90 19 154 46 0 0 0 5 3 11 45 6 0 0 1 1 0 1 0 36 42 3 49 34 6 1 77 143 100 0 1 4 9 3 154 154 6 0 0 0 0 0 15 6 0 0 1 3 0 0 
181.795 90.872 1.12367 4.80028 139 5 1 1 0 0 0 17 156 18 0 0 0 0 0 56 141 9 0 1 1 0 0 28 0 0 0 19 8 0 0 0 142 15 2 7 5 0 0 18 156 84 0 0 0 0 0 26 138 55 1 0 0 0 0 7 1 1 2 8 13 0 0 0 90 22 3 6 8 0 0 20 156 15 0 0 0 0 0 69 134 5 0 0 0 0 0 55 4 1 0 4 16 0 0 1 46 43 14 3 2 0 0 7 156 35 0 0 0 1 2 45 111 0 0 0 0 0 3 110 8 0 0 3 4 0 0 9 
177.948 100.618 0.96251 0.422143 0 0 0 0 0 123 103 0 7 22 1 0 0 80 103 7 8 46 18 0 1 26 38 8 9 41 11 0 2 43 34 6 14 1 10 7 1 64 76 7 123 88 9 3 3 10 23 24 23 66 26 15 97 41 3 1 1 2 1 0 70 123 48 0 12 5 43 42 25 5 1 2 123 44 14 6 11 2 0 40 61 7 6 43 123 11 0 11 0 1 65 55 123 37 0 0 0 9 123 45 5 0 0 0 51 105 88 3 1 0 0 0 21 30 51 50 26 0 0 2 0 7 123 59 11 7 3 1 
158.976 118.522 0.915807 1.19425 0 0 0 0 13 53 0 0 10 5 0 0 6 96 4 0 46 162 7 0 1 23 2 0 4 162 21 0 0 0 0 0 0 0 0 0 7 129 2 0 74 4 0 0 4 87 15 16 162 91 0 0 0 1 2 11 40 48 2 0 0 0 0 0 0 0 0 0 5 133 3 0 142 3 0 0 0 45 14 12 162 24 0 0 0 0 0 4 46 9 2 0 0 0 0 0 2 0 0 0 4 55 2 1 146 17 0 0 0 5 1 1 162 40 0 0 0 0 0 0 26 7 0 1 8 2 0 0 
214.69 135.977 0.948749 5.69465 24 2 5 9 2 2 2 11 159 16 0 0 0 0 0 53 129 11 1 0 0 0 4 48 0 0 0 0 0 0 12 28 21 15 25 56 11 12 6 3 159 131 5 1 0 0 1 25 125 78 18 10 0 0 0 9 0 1 15 14 0 0 2 6 18 3 1 5 7 41 53 19 159 29 0 0 0 1 8 139 159 12 6 10 0 0 3 45 0 0 19 16 0 0 4 0 25 27 4 1 1 3 5 1 159 123 0 0 0 0 0 12 120 19 0 0 0 2 33 22 0 0 0 0 0 1 39 15 
214.621 139.161 1.07006 5.70704 0 0 20 125 23 13 14 0 96 32 19 27 4 3 1 9 154 91 4 0 0 0 0 24 14 12 11 8 0 0 2 8 0 0 1 21 18 58 115 0 111 17 5 10 6 35 45 57 154 41 2 2 0 0 1 116 25 4 14 17 0 0 4 7 0 1 1 4 23 17 13 0 135 83 4 1 1 4 8 9 154 107 0 0 0 1 10 30 23 0 0 0 0 3 54 19 3 1 0 1 7 6 2 1 154 54 0 0 0 0 0 5 154 61 3 4 1 1 3 2 2 0 4 12 2 4 23 5 
206.103 139.73 0.877061 1.70203 57 6 1 1 1 27 22 26 78 48 74 97 1 0 0 7 2 17 41 142 3 0 0 0 12 44 23 19 2 0 0 0 109 36 9 2 2 1 0 11 142 67 28 67 7 5 3 21 16 13 23 142 105 36 4 4 20 14 8 40 35 17 10 10 47 89 19 1 0 1 6 6 142 36 0 3 4 44 126 79 8 1 0 20 88 142 86 15 7 0 0 3 28 76 29 28 7 15 2 2 12 30 17 3 6 3 5 1 2 39 117 17 4 4 3 10 30 51 40 9 19 5 2 9 15 7 1 6 
188.312 145.975 0.841829 2.67468 0 0 20 23 2 0 0 0 110 19 11 17 2 0 0 4 208 16 0 0 0 0 0 25 71 0 0 0 0 1 8 11 0 0 1 18 13 2 0 0 147 10 1 15 10 0 0 1 208 10 0 0 0 0 0 22 68 0 0 0 0 3 22 13 0 0 0 6 6 2 1 1 134 8 1 12 7 2 1 3 208 9 0 0 0 0 0 11 69 8 4 11 0 1 2 1 0 0 0 2 8 5 2 0 103 1 0 1 5 5 1 7 208 5 0 0 0 0 0 17 63 8 7 8 0 0 0 1 
230.474 175.329 1.01964 5.63423 4 0 0 3 9 11 38 35 25 17 24 6 15 12 10 4 78 8 22 7 0 0 1 33 95 4 2 0 0 0 4 63 27 2 6 52 36 0 6 11 124 90 73 25 1 0 1 11 32 22 102 124 40 0 2 18 34 0 1 16 12 0 15 71 12 10 124 124 20 0 0 0 124 57 84 33 8 0 0 50 59 6 9 124 124 5 3 43 17 0 1 94 57 0 2 18 0 1 42 124 49 0 0 0 19 7 36 49 69 2 3 35 27 0 0 22 54 10 8 88 4 1 3 96 32 4 1 3 
251.852 193.855 0.941021 1.9333 69 10 0 1 4 1 10 20 200 1 0 0 0 0 1 43 69 3 1 23 6 0 0 4 0 0 4 37 6 0 0 0 84 3 0 1 13 7 1 16 200 8 0 0 1 0 0 23 111 14 15 15 0 0 0 0 0 0 17 48 0 0 0 0 77 1 0 0 3 7 6 29 200 8 0 0 0 0 0 16 155 11 19 9 0 0 0 2 0 0 16 36 0 0 0 0 87 7 0 0 1 0 0 7 200 20 0 0 0 0 0 4 142 3 2 2 0 0 0 13 1 0 8 15 0 0 0 2 
257.331 195.69 0.937915 1.74964 2 0 0 0 5 36 117 111 21 1 0 0 5 0 31 102 3 0 0 8 51 1 0 7 16 0 0 8 15 0 0 12 34 6 0 0 2 25 116 162 162 8 0 0 1 0 49 162 59 3 0 24 38 0 0 18 11 1 0 15 18 0 0 2 105 33 1 1 8 3 4 11 162 84 0 0 0 0 1 14 85 17 1 28 24 0 0 0 3 0 0 30 25 0 0 1 122 21 0 0 7 9 2 4 162 106 1 1 0 0 0 0 33 19 7 25 5 0 0 0 0 0 2 51 9 0 0 0 
111.224 115.863 1.41418 3.64131 5 0 0 0 3 73 109 18 10 2 31 52 45 37 33 37 83 85 85 21 5 3 3 11 86 90 14 0 0 0 0 2 60 6 0 0 1 23 45 26 41 5 9 7 26 35 85 92 133 82 51 3 1 5 33 133 38 63 29 4 1 1 1 14 66 15 0 0 5 8 4 7 75 58 4 4 87 46 10 10 133 103 1 0 4 3 3 40 76 6 0 0 0 2 2 19 23 12 1 0 0 7 6 16 58 117 4 0 5 13 3 0 133 133 0 0 0 0 0 0 38 23 0 0 0 0 0 0 
96.9913 130.244 1.439 0.987513 1 12 10 45 52 1 0 0 47 0 0 62 156 4 0 2 156 22 0 0 24 1 0 5 51 24 0 0 0 0 0 1 4 17 3 11 99 5 0 0 49 4 5 55 156 22 1 13 156 27 5 9 31 5 1 47 60 20 1 0 0 0 0 1 1 2 0 7 69 17 0 0 11 22 58 156 156 7 0 1 156 144 66 36 7 0 0 6 50 18 1 1 0 0 0 0 0 0 0 3 57 5 0 0 2 10 10 19 44 4 0 0 27 55 9 3 0 0 0 0 18 14 0 0 0 0 0 0 
96.9913 130.244 1.439 3.94836 0 0 0 0 11 14 1 0 0 0 0 0 18 66 10 1 24 5 0 0 2 26 14 14 56 15 0 0 0 0 0 3 1 0 0 0 35 30 2 1 9 1 0 0 148 150 64 32 150 18 0 0 10 29 59 144 64 37 0 0 0 0 0 3 0 0 0 0 64 44 0 0 45 20 1 5 150 74 5 8 150 101 1 3 33 7 5 35 68 24 0 0 1 17 1 2 0 0 0 0 64 60 0 0 67 17 0 0 150 71 0 1 150 40 0 0 8 1 2 29 27 4 0 0 0 23 11 12 
191.289 150.618 1.32973 2.47554 0 0 4 5 6 4 0 0 177 6 4 3 2 0 1 28 177 0 0 0 0 0 0 61 13 0 0 2 9 0 0 2 0 1 15 31 1 0 0 0 156 7 7 17 1 0 2 33 177 7 0 0 0 0 0 91 33 0 0 2 6 0 0 8 1 5 14 27 6 2 1 1 124 51 10 30 5 0 0 2 177 92 0 0 0 0 1 15 34 2 0 0 0 1 12 9 0 0 1 3 6 4 2 1 148 56 1 4 4 1 0 0 177 78 0 1 0 0 4 4 6 0 0 1 0 0 24 9 
229.927 162.998 1.10971 5.75281 33 0 0 10 22 2 2 14 165 1 0 0 0 0 0 91 139 0 0 0 0 0 0 38 0 0 0 0 0 0 1 3 28 17 7 7 9 2 2 2 165 65 1 1 0 0 0 24 165 8 0 0 0 0 6 43 0 0 0 0 0 0 15 22 49 19 11 1 0 0 0 9 165 28 2 0 0 0 0 46 165 6 3 0 0 0 2 36 0 1 7 0 0 0 10 14 59 9 1 0 0 0 0 14 165 6 0 0 0 0 0 99 151 4 4 0 0 0 0 112 7 3 22 2 0 0 0 3 
232.972 166.096 1.23246 5.47018 20 16 10 4 1 1 1 3 155 155 5 2 1 0 0 0 155 77 0 0 0 0 0 15 3 0 0 0 0 0 1 22 76 37 6 0 0 0 0 3 155 96 2 0 0 0 0 7 118 33 8 1 0 0 0 12 1 0 3 1 0 0 2 33 54 12 19 23 6 0 0 24 155 8 0 0 0 0 0 96 155 11 17 7 0 0 0 22 0 0 17 18 0 0 0 3 10 2 5 49 71 1 1 11 155 0 0 3 4 0 0 64 155 1 1 2 0 0 0 30 0 0 3 11 2 0 0 1 
75.9183 72.7806 1.60883 2.32925 1 1 15 127 6 0 0 19 131 12 21 39 0 0 1 131 131 1 0 10 3 0 0 102 1 0 0 41 19 0 0 0 7 6 22 93 1 0 0 2 124 21 38 108 0 0 0 28 131 27 6 8 1 0 0 80 19 1 2 51 10 0 0 2 20 49 73 35 1 0 0 7 19 123 131 45 0 0 0 0 131 131 56 2 0 0 0 6 18 7 0 24 5 0 1 1 1 43 123 19 0 0 0 1 1 61 70 5 3 0 2 1 2 28 12 0 0 0 17 8 0 0 0 1 2 0 12 6 
170.472 121.549 1.6764 2.23373 0 0 0 11 13 9 6 0 51 5 0 0 38 19 3 1 174 54 0 0 3 2 0 15 59 12 8 5 0 0 0 19 0 0 4 94 12 3 1 0 84 3 2 52 34 17 1 4 174 13 0 1 2 1 0 50 72 3 0 0 0 0 0 79 4 1 7 59 5 0 0 4 65 5 4 109 63 0 0 2 174 26 0 8 8 0 0 31 70 20 0 0 0 0 0 28 3 2 5 18 10 0 0 0 15 0 0 37 87 0 0 6 169 0 0 9 25 2 22 174 27 1 0 0 0 0 30 142 
197.633 156.406 1.63057 2.28072 6 1 4 6 0 2 4 7 80 30 23 7 0 0 3 15 203 48 3 0 0 0 0 4 37 7 2 10 2 0 0 0 1 0 0 1 4 13 22 9 110 6 1 0 1 8 30 76 203 13 0 0 0 0 1 49 52 2 2 5 0 1 4 1 0 0 1 23 12 4 1 0 156 26 2 8 4 3 2 7 203 56 0 0 0 0 0 6 44 3 0 0 8 4 4 0 0 0 10 33 3 0 0 0 140 40 5 23 1 0 0 0 203 64 0 0 0 0 0 0 23 2 1 2 6 0 0 0 
219.317 174.935 1.51077 2.07769 2 3 3 2 16 47 37 13 107 9 6 8 7 49 20 32 171 35 2 3 0 0 1 47 13 6 2 11 4 0 13 34 16 47 14 8 15 15 2 2 133 21 22 42 34 11 1 10 171 16 1 5 3 1 0 41 26 3 1 38 17 3 1 8 20 13 3 3 6 24 18 13 131 22 1 4 29 66 15 8 171 86 2 3 2 2 0 12 24 8 2 18 14 11 4 2 0 0 0 1 18 32 3 0 163 57 0 0 1 19 2 0 171 140 5 11 2 0 0 0 6 9 4 54 23 0 0 0 
241.529 190.177 1.63793 2.0606 63 1 0 6 74 8 1 23 190 2 0 0 0 0 0 63 85 4 14 15 0 0 0 17 0 0 10 71 1 0 0 1 69 14 2 38 79 0 0 1 190 20 0 0 0 0 0 13 147 3 0 0 0 0 0 24 3 0 2 29 0 0 0 19 44 20 5 46 52 0 0 0 190 33 1 1 0 0 0 6 155 2 0 1 0 0 0 8 1 0 0 1 1 0 1 23 26 17 6 37 9 1 0 1 190 41 2 2 0 0 0 2 118 2 0 0 1 0 0 11 0 0 0 0 8 8 5 5 
300.397 211.266 1.57127 4.64033 25 7 1 36 31 0 0 5 70 3 1 43 38 1 0 31 137 29 1 2 8 0 0 40 21 5 1 9 81 2 0 7 55 29 9 38 23 0 0 4 54 3 3 78 137 5 2 32 137 7 0 3 19 2 1 79 36 4 1 14 99 2 0 3 117 54 10 35 18 0 0 3 41 27 11 137 137 0 0 1 137 80 5 18 22 0 0 4 33 18 2 11 61 3 0 0 81 47 2 11 13 0 0 0 28 12 4 72 137 0 0 1 137 38 2 15 22 0 0 14 26 13 1 19 32 0 0 2 
196.66 89.7666 1.88142 4.94884 124 2 0 0 0 0 0 35 80 0 0 0 0 0 9 126 9 0 0 6 2 0 1 77 0 0 1 8 3 0 0 1 81 0 0 26 14 1 5 80 41 3 0 0 0 25 59 126 126 9 0 0 0 1 10 126 15 1 0 4 4 0 0 8 15 0 0 109 90 1 3 80 104 47 0 2 3 14 12 80 126 117 0 0 0 0 1 20 22 8 2 5 0 0 0 1 5 0 0 126 101 0 0 12 126 10 0 43 15 0 0 83 126 25 0 0 0 0 0 47 8 1 0 0 0 0 0 3 
126.024 92.6357 2.14112 2.45406 0 0 33 63 0 0 17 17 3 8 134 56 0 1 9 2 16 82 156 22 0 0 0 1 0 11 156 113 0 0 0 0 1 2 2 1 0 0 77 57 51 6 11 4 0 1 87 42 156 84 46 3 0 0 5 25 28 20 147 58 0 0 0 2 7 16 8 1 1 0 10 19 111 15 7 1 0 1 14 17 156 14 0 0 0 0 0 14 37 0 1 0 0 0 2 16 2 0 8 58 4 0 6 23 76 1 5 4 0 1 18 39 156 0 0 0 0 0 0 64 28 0 0 0 0 1 2 14 
212.425 94.2352 2.18556 1.12765 1 1 0 0 6 1 0 0 3 5 0 0 2 12 17 4 3 4 0 0 2 6 22 16 0 0 0 1 12 16 1 0 0 0 0 1 22 19 0 0 11 0 0 0 86 146 83 29 114 6 0 0 5 37 98 146 14 6 3 1 3 7 2 8 0 0 0 0 44 120 12 0 74 13 0 0 146 146 8 7 146 69 0 0 17 15 7 28 31 12 1 0 0 0 0 1 0 0 3 3 36 146 47 0 110 24 0 1 96 96 6 0 146 62 0 0 3 2 0 0 17 5 0 0 3 8 0 0 
212.425 94.2352 2.18556 4.73081 0 0 0 77 126 0 0 0 80 5 0 103 139 0 0 27 139 114 0 0 0 0 0 16 31 38 0 1 0 0 0 0 0 0 0 53 77 0 0 0 69 8 6 139 139 0 0 20 139 36 6 16 12 0 0 61 41 3 0 0 0 0 0 6 0 0 0 13 22 4 0 0 12 28 95 139 83 0 0 0 128 139 97 32 5 0 0 4 21 7 0 0 1 1 0 4 5 0 0 0 7 7 1 1 20 8 23 7 0 0 0 1 1 11 25 3 9 0 0 0 2 0 0 0 5 0 0 2 
123.493 107.069 1.94805 4.27203 10 0 0 0 4 30 16 63 103 0 0 0 3 2 6 52 165 5 0 0 0 0 0 64 56 1 0 0 1 2 0 8 30 11 0 0 1 4 3 55 165 9 0 0 0 0 2 62 165 13 0 0 0 0 0 13 72 3 0 0 3 4 1 1 28 48 0 0 0 0 0 1 165 61 0 0 0 0 0 10 165 16 0 0 0 1 18 88 36 0 0 0 0 34 106 28 37 22 0 0 0 0 0 0 93 12 0 0 0 0 0 28 112 0 0 0 0 3 26 123 5 0 0 2 13 55 99 21 
97.3691 123.876 1.9712 3.95626 0 0 0 0 42 95 13 1 77 3 0 0 9 56 47 69 95 18 0 0 0 4 0 10 4 1 0 0 14 38 0 0 7 1 0 0 142 101 5 2 142 38 0 0 68 38 16 51 137 17 0 0 1 32 5 11 0 22 6 0 10 42 0 0 16 1 0 0 142 96 0 4 142 17 0 0 44 16 2 64 100 32 2 0 0 13 8 33 1 77 4 0 0 5 0 0 6 7 5 10 108 65 18 5 142 82 7 5 15 3 4 40 97 86 0 0 0 0 0 9 2 32 1 0 0 0 0 0 
204.988 127.275 2.26427 5.63458 1 0 0 0 4 7 20 13 110 2 0 2 18 23 14 25 201 17 3 1 0 0 1 59 17 6 8 4 0 0 2 48 1 1 3 1 2 4 17 13 128 3 0 3 13 14 9 25 201 16 5 2 0 0 0 43 41 10 31 10 0 0 0 3 8 11 6 7 3 1 2 6 148 17 5 25 18 5 2 4 201 32 0 0 0 0 0 13 50 7 4 0 0 0 0 10 46 20 6 8 3 4 10 17 127 24 10 46 25 16 14 8 201 42 1 1 0 0 0 17 21 4 1 0 0 0 6 33 
209.587 134.627 2.22701 5.68917 2 1 3 2 1 2 8 7 84 2 0 5 8 13 6 19 204 5 1 0 0 0 0 43 50 5 15 2 0 0 0 2 17 17 6 6 2 1 4 6 115 16 11 49 22 1 0 5 204 12 0 2 1 0 0 39 66 3 0 0 0 0 4 33 62 14 4 3 0 5 16 37 109 19 11 46 26 47 37 23 204 41 2 3 2 2 3 31 46 10 4 1 0 0 10 28 12 1 2 1 0 7 13 30 121 25 0 0 1 34 25 10 204 68 2 1 0 0 7 22 18 2 4 5 0 0 41 21 
235.832 172.831 1.9749 5.38251 3 13 5 20 74 9 13 4 79 61 9 0 2 6 3 2 159 124 0 0 0 0 0 1 48 18 1 0 0 0 0 15 0 50 48 114 65 0 0 0 100 49 40 33 25 0 0 6 159 21 1 2 1 0 0 16 46 9 8 10 0 0 0 4 0 6 9 70 141 8 4 0 65 18 6 18 43 10 9 5 159 17 1 2 2 0 0 44 44 0 0 5 0 0 0 42 0 0 0 31 159 8 3 1 59 3 0 1 28 9 10 36 159 15 0 0 0 0 0 54 22 4 1 0 0 0 0 91 
210.501 173.5 2.16074 2.30892 51 13 14 4 9 17 5 20 197 3 3 5 2 2 1 107 29 1 1 28 10 1 6 17 1 2 6 8 1 0 18 32 37 5 2 2 13 33 10 12 197 17 3 3 2 10 2 44 98 18 12 73 12 0 0 3 8 7 9 22 4 0 0 2 37 0 0 2 36 13 2 3 197 9 0 1 3 1 0 23 160 7 3 62 30 0 0 6 2 0 1 52 30 2 3 5 23 8 5 10 12 0 0 0 197 47 2 1 1 0 0 1 129 15 1 23 7 0 0 0 0 0 7 75 10 0 0 0 
226.658 177.643 1.98283 1.88838 11 1 0 0 133 124 1 2 39 23 9 6 12 19 6 6 133 83 4 2 0 0 1 7 76 16 0 0 1 3 1 6 11 0 0 0 132 133 14 10 54 6 1 0 3 38 97 57 133 19 0 0 0 4 18 118 51 2 0 0 1 1 5 66 1 7 5 1 20 116 11 1 81 36 18 13 4 22 30 10 133 104 1 2 1 1 3 26 26 9 0 3 3 0 3 65 5 8 5 1 2 14 9 3 105 52 5 5 4 17 14 5 133 92 1 3 4 1 0 0 8 2 0 9 16 2 0 13 
150.219 85.2853 2.43297 5.33543 0 0 19 88 3 2 1 1 99 4 3 35 2 0 2 34 164 4 0 0 0 0 0 65 43 0 0 4 4 3 3 18 3 0 7 85 9 0 1 77 107 7 4 117 31 0 0 6 164 21 1 3 0 0 0 14 73 14 2 5 0 0 0 9 25 0 0 7 3 0 1 164 55 13 5 74 30 0 3 56 164 49 4 11 2 0 0 15 69 17 9 1 0 0 0 2 17 9 14 3 0 0 0 43 63 17 4 6 1 0 0 115 164 85 3 1 0 0 0 47 37 18 6 3 0 0 0 5 
206.4 89.0689 2.44822 4.80325 28 0 0 66 88 0 2 37 102 28 0 0 1 0 16 114 115 28 0 1 0 0 0 51 1 0 0 10 10 0 0 0 25 0 0 133 133 0 0 14 133 79 0 16 14 0 0 33 126 71 1 1 0 0 0 4 0 1 2 13 6 0 0 0 8 1 4 133 133 0 0 1 133 43 20 77 41 0 0 52 133 13 0 0 0 0 0 23 1 0 0 2 9 2 0 1 1 2 22 75 31 1 0 0 46 91 109 59 8 0 0 1 38 35 6 0 1 0 0 4 1 0 0 2 3 0 0 3 
196.845 118.106 2.60171 5.35336 25 13 0 0 3 0 0 15 106 28 7 1 0 0 1 28 123 49 118 64 0 0 0 32 4 1 69 138 1 0 5 13 16 7 0 0 0 1 7 17 81 6 0 0 0 7 39 74 138 11 3 7 0 0 4 135 30 1 22 133 0 0 0 18 1 0 0 0 0 2 17 19 124 43 0 0 3 12 16 12 138 117 2 0 0 0 1 22 41 7 4 5 0 0 0 32 3 6 3 3 3 0 2 2 138 86 0 1 2 1 3 3 138 113 8 2 0 0 0 0 13 11 15 4 0 0 0 3 
105.828 122.966 2.49357 3.93818 0 0 0 0 21 26 0 0 11 0 0 0 110 102 8 6 141 9 0 0 18 27 15 39 37 5 1 0 3 19 2 3 0 0 0 0 45 60 0 0 33 2 0 0 141 112 1 6 141 20 0 0 21 12 2 37 36 45 2 0 0 4 1 8 0 0 0 0 14 141 28 0 29 10 1 2 70 127 61 23 141 66 0 1 6 2 5 60 48 46 0 0 0 0 0 6 3 0 0 0 0 141 56 11 41 2 0 0 0 30 62 61 141 13 0 0 0 0 5 88 71 3 0 0 0 1 0 14 
253.422 179.326 2.66108 5.36313 17 1 1 18 118 15 3 7 156 10 0 0 1 2 1 43 65 2 0 2 0 0 0 82 0 0 1 9 4 0 0 11 30 0 0 42 156 9 2 20 156 24 2 1 9 2 1 54 76 28 19 6 0 0 0 55 10 1 2 2 0 0 2 49 23 4 1 114 156 2 1 4 156 32 3 22 23 0 0 20 111 16 13 22 0 0 0 1 5 0 4 17 1 0 4 20 3 9 23 97 83 3 2 0 156 107 41 37 10 0 0 2 60 11 1 5 0 0 17 10 1 0 4 17 1 0 4 7 
109.021 191.214 2.50671 4.69107 3 0 0 13 87 4 4 27 61 5 0 41 160 0 0 5 160 9 0 4 11 0 0 27 30 0 0 21 28 2 0 3 5 0 0 9 74 9 9 63 63 3 0 49 160 3 2 14 160 7 0 5 18 0 0 36 48 2 1 10 17 3 0 6 2 0 0 8 87 12 12 62 39 15 2 48 134 7 7 36 160 71 3 16 15 0 0 9 57 19 3 22 19 0 0 3 6 0 0 35 100 2 2 18 31 4 0 8 25 10 5 32 160 27 1 4 7 3 1 48 47 9 2 14 47 0 0 10 
132.728 209.626 2.33461 1.4206 64 0 0 4 29 2 0 60 25 0 0 12 144 28 3 25 144 0 0 0 13 8 3 58 21 0 0 8 50 7 1 6 78 0 0 1 24 6 1 72 50 2 1 36 144 38 4 32 144 20 3 9 29 8 2 52 42 12 6 38 15 0 0 0 109 2 0 5 8 1 0 32 73 16 18 144 108 0 0 9 144 59 22 68 18 0 0 4 60 5 1 7 20 5 0 2 98 2 0 9 8 0 0 16 117 7 10 86 17 0 0 13 91 32 17 68 18 0 0 0 40 9 3 3 3 0 0 0 
132.728 209.626 2.33461 4.25314 5 5 0 0 4 2 0 1 9 2 0 0 71 77 9 15 73 4 0 0 33 34 10 67 5 0 0 0 108 54 1 4 22 6 0 0 20 22 3 13 24 3 0 0 124 124 14 25 124 5 0 0 45 50 16 122 12 1 0 0 124 40 1 8 26 9 0 0 51 34 4 13 41 38 3 10 124 90 2 3 124 110 3 8 55 10 1 12 7 4 1 9 107 13 0 1 13 16 1 3 89 17 0 0 52 53 5 12 118 17 0 0 99 86 2 11 53 0 0 0 0 0 0 15 109 17 0 0 
308.379 96.757 2.96107 4.75062 65 31 11 52 52 0 1 6 137 17 0 0 0 1 47 116 24 0 0 0 0 0 64 108 13 0 0 16 55 1 1 27 8 5 2 12 97 26 7 4 25 5 1 12 49 74 137 120 137 13 0 1 1 3 95 137 76 1 0 8 50 3 1 54 11 2 1 13 83 40 4 7 46 33 18 122 81 17 8 11 137 99 9 12 3 1 4 37 103 21 0 6 15 0 0 10 9 1 0 2 17 9 1 4 13 4 2 24 11 0 0 0 73 6 1 2 0 0 0 4 18 3 0 0 2 0 0 0 
192.188 107.449 3.33617 1.06213 0 0 0 2 78 124 10 0 124 52 0 1 37 106 5 3 124 50 0 0 0 12 2 1 3 0 0 0 0 16 19 8 4 0 0 4 124 106 0 1 124 75 0 2 35 29 8 23 93 32 0 0 1 124 58 9 0 0 0 0 1 101 124 4 8 6 3 1 61 124 1 3 124 13 5 1 6 32 42 87 16 0 0 0 17 124 83 24 0 0 0 7 25 66 58 0 2 35 11 1 18 26 0 0 6 16 9 2 15 18 7 6 0 3 4 0 9 42 27 2 0 5 20 2 11 8 6 0 
306.669 160.45 2.78612 4.64633 21 4 1 14 26 9 3 9 5 0 0 6 94 85 30 40 45 0 0 0 18 25 36 131 5 0 0 0 72 43 25 34 1 1 1 39 84 28 7 6 25 2 1 24 131 127 17 29 131 11 1 5 33 18 12 99 31 1 0 9 131 17 6 13 0 0 4 93 93 3 0 0 16 17 68 131 108 6 0 1 131 93 53 48 24 3 0 5 28 5 1 31 131 7 0 1 0 0 4 17 20 1 0 0 0 3 53 62 1 0 0 0 11 28 42 27 9 1 0 0 2 2 1 9 50 4 0 0 
254.475 179.726 2.84732 5.40239 27 1 2 32 125 7 1 8 155 2 0 0 2 1 0 59 66 1 0 1 0 0 0 79 0 0 1 10 4 0 0 11 30 0 0 60 155 5 1 16 155 14 0 3 15 2 1 58 101 28 8 1 0 0 0 45 8 0 2 2 0 0 2 44 17 5 5 131 155 3 1 2 155 49 9 35 25 0 0 16 133 20 11 11 0 0 1 3 1 0 5 16 0 0 4 17 0 6 27 92 53 2 0 0 107 109 52 35 6 0 0 2 57 14 0 1 0 0 15 18 1 0 2 10 1 0 3 12 
247.893 194.97 2.94383 2.01374 0 0 2 6 43 79 25 5 29 0 0 0 3 32 61 76 29 1 0 1 0 0 2 60 0 0 0 32 16 0 3 11 12 0 0 0 154 152 15 14 154 10 1 0 26 39 23 92 74 18 14 19 0 0 1 30 0 0 0 10 6 0 6 41 23 5 0 4 154 77 1 2 154 35 1 3 34 6 0 10 132 13 9 42 3 0 0 2 0 0 0 50 18 1 4 21 17 12 1 6 154 34 0 0 154 55 1 2 9 0 0 3 93 4 0 4 1 0 7 11 0 0 0 40 21 1 5 4 
167.271 87.7235 4.03804 4.89245 97 39 2 0 0 0 0 20 81 85 5 10 8 0 0 16 123 144 2 2 1 0 0 0 18 15 1 4 8 3 5 2 53 54 15 7 6 1 0 5 144 134 1 1 1 0 0 23 86 144 6 4 2 0 0 2 6 6 2 12 24 0 0 0 31 6 1 3 28 21 4 16 144 8 0 0 8 6 3 100 144 15 4 9 7 0 0 27 4 0 1 16 34 0 0 0 25 29 41 40 12 7 0 5 144 4 16 33 5 2 0 83 144 0 0 6 4 0 0 104 3 0 0 24 20 0 0 2 
173.225 97.6283 3.9481 4.73612 12 72 19 67 66 1 0 0 45 63 16 5 3 0 0 0 94 152 2 0 0 0 0 1 22 153 4 1 0 0 0 0 25 20 4 16 46 45 3 8 76 13 2 3 22 27 5 10 153 83 0 0 1 1 1 12 37 50 6 5 7 0 0 0 42 33 12 6 5 20 2 8 93 12 19 43 22 25 2 5 153 17 1 1 0 1 0 19 58 6 2 8 17 0 0 4 80 116 26 13 0 0 0 1 43 40 51 153 55 0 0 5 153 10 2 15 13 0 0 95 63 4 0 7 10 0 0 28 
148.837 117.24 4.50027 1.35363 1 2 0 0 82 91 8 1 9 19 2 2 23 23 7 4 36 126 18 3 15 9 2 4 7 152 46 0 0 0 0 0 3 0 0 0 51 63 13 2 41 1 0 0 9 116 38 25 152 57 0 0 0 15 10 43 57 52 0 0 0 0 0 0 7 4 6 39 101 27 0 0 88 14 0 6 70 63 3 5 152 54 0 0 1 3 1 7 66 13 0 0 0 2 0 0 0 17 32 122 110 0 0 0 82 49 7 47 85 1 0 0 152 98 0 0 0 0 0 0 34 8 0 0 0 0 0 0 
196.923 151.818 4.11005 2.39831 0 0 0 0 154 99 2 0 112 1 0 0 46 23 1 12 154 11 5 9 0 0 0 14 8 3 15 39 0 0 0 0 0 0 0 12 154 80 0 0 114 3 0 15 23 9 0 21 154 6 2 1 0 0 0 44 28 2 13 28 0 0 0 2 0 0 0 8 153 40 0 0 90 40 4 17 14 3 0 2 154 62 0 0 0 0 0 10 34 1 3 1 0 0 0 11 0 0 6 19 97 8 0 0 102 39 7 4 1 0 0 0 154 51 0 0 0 0 0 4 13 3 0 0 0 0 0 13 
10.8423 165.778 4.30779 4.55603 0 0 0 0 11 1 0 0 1 0 0 0 15 5 0 0 6 0 0 0 1 0 0 0 0 0 0 0 0 0 0 0 5 0 0 15 93 9 0 0 34 0 0 6 163 52 0 9 163 13 0 1 29 10 0 18 27 5 0 1 87 14 0 0 6 2 0 30 111 2 0 0 47 6 0 56 163 6 0 1 163 24 1 11 51 1 0 5 45 5 1 3 163 11 0 0 3 0 0 5 75 11 2 4 35 9 0 28 163 2 0 0 163 51 1 8 40 0 0 0 28 14 2 19 112 1 0 0 
97.1758 62.4791 5.29446 4.9153 21 0 0 1 12 36 31 12 20 1 0 1 13 29 85 61 18 1 0 7 63 4 6 16 51 11 0 0 4 0 0 11 5 0 2 22 127 33 8 3 127 37 0 6 67 24 23 43 57 17 1 17 88 6 1 16 44 0 0 1 14 4 2 57 5 0 1 36 127 19 0 2 127 7 0 4 96 15 1 55 77 3 0 26 127 13 2 20 23 0 0 3 61 15 14 97 2 0 0 4 105 127 21 24 127 0 0 0 37 58 10 103 78 0 0 8 97 28 2 33 10 0 0 12 109 16 8 53 
84.7996 72.154 5.33989 1.85203 126 17 3 27 39 0 0 17 71 24 5 127 140 0 0 4 140 57 3 12 14 0 1 45 20 3 29 53 2 0 1 48 109 6 3 21 31 5 1 40 67 6 3 52 140 28 1 19 140 22 3 9 41 1 4 69 38 0 0 0 2 1 5 78 67 4 2 23 31 3 0 12 36 32 96 114 107 11 0 6 78 126 93 36 25 0 0 6 34 3 2 10 13 0 1 32 42 1 0 4 19 9 2 14 55 6 29 11 1 0 0 23 0 10 28 13 47 3 0 1 9 0 0 5 37 6 3 13 
84.7996 72.154 5.33989 4.93767 30 5 2 14 15 0 0 4 54 5 0 0 0 9 27 12 2 1 0 16 52 6 30 13 14 9 3 13 52 1 0 2 12 0 1 32 41 3 1 7 26 1 0 4 79 124 92 34 102 15 0 4 35 33 97 118 33 3 0 8 70 5 2 19 2 1 4 74 46 0 0 0 48 3 3 50 144 24 4 8 144 44 1 14 66 6 4 37 28 6 1 28 112 8 3 21 1 0 0 43 29 7 26 64 27 0 0 28 144 79 4 15 144 0 0 3 53 22 4 101 28 0 0 14 138 22 4 18 
183.728 86.6069 4.97264 4.66861 13 36 17 15 21 12 2 3 145 130 3 0 0 2 1 2 43 145 8 3 5 0 0 0 3 14 4 7 11 1 0 0 37 27 26 24 5 15 4 7 145 54 4 8 1 3 1 8 116 32 3 7 25 0 0 2 20 7 1 4 21 0 0 0 34 121 69 113 39 0 0 0 145 32 11 57 31 0 0 48 134 12 1 13 24 0 0 22 18 0 0 12 18 0 0 5 5 69 23 90 70 0 0 0 145 102 26 71 50 0 0 3 83 41 2 10 19 0 0 1 6 0 0 12 23 0 0 1 
184.147 99.8698 4.97371 4.71379 1 6 6 39 126 63 1 1 25 40 15 11 10 7 1 3 135 108 1 0 0 0 0 2 21 82 4 3 4 0 0 0 16 17 2 0 18 132 9 5 55 22 24 22 6 13 4 8 135 26 3 4 0 1 0 11 54 11 1 6 18 0 0 2 65 131 8 0 0 11 5 3 44 106 71 116 33 0 0 1 135 18 7 40 20 0 0 51 71 6 0 10 14 0 0 15 13 135 37 0 0 0 0 0 8 73 21 97 63 0 0 0 125 72 21 60 35 0 0 3 52 21 1 7 11 0 0 0 
227.893 151.735 4.87697 5.78837 26 0 0 13 70 6 2 15 149 2 0 0 0 0 0 55 83 2 0 0 0 0 8 52 0 0 0 0 0 7 15 9 35 3 0 85 129 0 0 7 149 45 0 2 1 0 0 19 94 39 22 3 0 0 2 15 5 12 9 1 0 1 3 6 25 3 1 124 149 1 0 1 149 13 2 17 7 0 0 55 124 8 8 10 1 0 0 33 2 3 4 8 1 0 1 2 2 2 22 145 43 0 0 0 138 12 22 79 7 0 0 60 93 0 0 2 0 0 1 123 1 0 4 5 0 0 3 13 
197.052 166.431 5.4302 2.37478 12 0 0 6 156 41 4 23 148 3 0 0 12 9 7 120 22 4 3 2 2 4 17 23 5 4 8 1 2 2 2 3 26 0 0 0 156 115 1 6 156 15 4 2 13 9 0 25 70 16 25 45 0 0 0 2 6 2 4 19 3 1 5 20 22 4 0 9 152 53 0 2 156 29 1 3 4 1 0 20 120 8 13 41 0 0 0 4 0 0 2 89 19 1 5 6 21 16 3 12 81 13 0 0 156 80 1 1 0 0 0 1 73 10 0 2 0 0 0 12 0 0 0 35 16 1 1 2 
63.7042 195.265 4.40539 4.16933 0 0 0 0 4 31 6 0 5 0 0 0 38 130 11 8 130 21 0 0 6 31 9 36 74 14 0 0 3 8 2 11 0 0 0 0 36 80 14 0 22 4 0 1 86 130 24 28 130 13 0 0 3 24 18 130 87 0 0 0 10 9 2 39 0 1 2 3 129 44 0 0 19 92 47 22 130 52 1 3 130 130 19 2 2 2 0 14 75 22 0 0 14 7 1 12 9 6 0 0 62 73 0 0 54 123 22 3 21 10 0 0 68 104 10 0 0 0 0 1 26 15 0 1 18 1 0 1 
151.761 36.8626 6.53012 4.69761 147 18 0 2 38 24 4 18 37 0 0 3 127 69 11 53 147 9 0 0 3 3 3 88 24 10 5 4 2 0 0 0 130 99 0 13 64 3 0 1 63 3 1 52 147 8 0 15 147 11 1 5 16 1 0 51 44 5 0 1 10 3 0 5 12 50 12 30 22 1 0 0 26 21 23 147 94 0 0 0 147 60 18 34 6 0 0 6 52 2 0 1 13 3 0 2 22 7 3 12 13 0 0 2 13 11 15 97 26 0 0 2 87 73 20 28 4 0 0 0 27 11 1 9 6 0 0 0 
111.968 61.2674 7.13257 4.70503 2 0 0 15 54 15 4 1 46 16 0 0 34 38 48 36 35 11 0 0 29 13 6 21 41 18 0 0 2 1 0 7 4 0 0 13 100 70 12 42 123 33 0 1 74 48 4 12 58 15 0 1 74 34 5 25 52 0 0 0 2 4 2 53 40 5 0 0 14 123 81 123 123 24 0 1 22 60 15 34 47 2 0 4 123 69 9 35 119 4 0 0 9 7 5 77 80 103 2 0 0 10 11 27 123 123 1 4 17 3 0 1 25 4 1 34 123 5 0 5 123 6 1 6 20 1 0 25 
126.137 81.3006 6.86053 4.76015 9 2 0 8 9 2 15 75 3 0 0 16 96 25 2 7 104 21 0 1 47 17 3 7 24 6 0 1 33 10 2 11 11 0 0 0 39 31 68 124 20 0 0 1 46 124 58 89 124 3 0 0 25 47 10 40 24 0 0 1 75 40 6 23 51 11 2 24 114 12 18 119 84 52 1 0 1 55 41 75 124 84 0 3 14 9 2 9 19 2 0 24 110 8 0 5 25 35 16 55 74 6 0 1 120 124 2 0 0 0 0 2 47 108 4 5 4 0 0 0 3 3 5 52 40 0 0 0 
117.817 98.3673 6.25001 3.91445 0 0 1 0 7 136 16 1 98 3 0 0 6 81 38 48 75 17 4 0 6 7 0 10 0 1 2 0 13 26 1 0 21 6 0 0 16 136 35 8 136 33 0 0 0 44 42 63 112 6 0 0 9 45 41 20 0 5 2 0 9 91 28 1 29 54 36 10 36 84 1 0 136 60 6 0 0 2 52 65 33 48 1 0 0 28 136 51 9 107 13 0 0 37 30 3 1 69 84 4 2 0 0 0 5 67 125 2 0 0 7 3 12 136 41 0 0 5 10 5 8 65 2 0 0 30 22 2 
196.44 166.499 5.66893 2.40012 10 0 0 8 154 36 6 27 117 2 0 0 9 8 8 132 23 4 2 0 2 5 13 23 4 4 6 0 1 1 0 2 26 0 0 0 154 106 1 9 154 15 2 0 14 10 1 37 73 22 26 28 0 0 0 3 5 2 4 17 3 0 7 12 29 5 0 2 154 52 0 2 154 26 0 1 7 2 0 17 134 13 13 37 1 0 0 3 0 0 2 83 18 1 5 2 25 15 1 14 114 9 0 0 154 63 0 1 1 0 0 1 97 8 0 3 0 0 0 9 0 0 0 37 15 1 1 1 
234.717 193.695 6.11411 1.94407 0 0 3 12 42 53 4 0 35 1 0 4 19 65 50 59 23 1 0 34 22 0 2 25 0 0 0 6 5 0 0 0 4 0 0 2 148 103 2 1 148 36 0 0 76 77 15 36 84 20 1 11 34 3 0 9 0 0 0 5 18 1 0 0 15 0 0 0 148 148 10 11 148 18 0 0 39 61 12 90 76 4 0 5 32 14 9 41 0 0 0 1 16 10 5 0 57 35 0 0 40 148 10 5 148 139 4 2 2 18 4 25 32 13 4 3 2 10 13 27 5 2 3 2 1 8 3 1 
112.052 61.1162 7.19227 4.65381 1 0 0 11 65 18 4 3 33 9 0 0 28 38 49 37 30 9 0 0 10 15 12 26 42 23 0 0 1 1 0 5 2 0 0 3 78 95 40 72 123 27 0 0 45 58 10 21 54 16 0 1 29 43 10 24 60 1 0 0 0 4 5 54 46 12 0 0 2 85 123 123 123 36 0 0 15 39 28 42 46 2 0 1 84 84 16 38 123 4 0 0 3 7 6 74 95 123 1 0 0 0 10 26 115 123 1 6 26 1 1 1 33 8 1 31 123 8 1 6 123 9 0 3 7 1 0 17 
136.957 63.644 7.62326 4.95326 6 0 0 19 85 26 9 10 90 1 0 1 35 14 5 38 12 0 0 0 38 23 17 51 31 1 1 0 0 1 4 65 10 0 0 0 31 116 119 93 119 4 0 3 22 42 21 99 34 0 0 33 110 21 10 38 109 0 0 5 9 2 4 108 103 35 4 10 6 14 53 90 119 113 1 4 2 4 5 15 37 15 12 104 56 0 0 2 110 16 19 45 10 0 0 37 119 40 9 25 17 2 0 10 119 73 2 1 0 0 0 18 11 13 21 36 1 0 0 1 22 18 34 42 0 0 0 1 
172.398 83.0328 7.82206 4.94815 20 3 2 26 54 22 76 107 127 46 0 0 0 27 39 48 113 31 1 31 31 0 0 10 40 4 7 53 33 0 0 22 47 26 20 123 101 5 0 10 127 112 2 1 0 0 0 18 82 64 13 19 3 0 0 2 12 10 39 76 4 0 0 0 28 39 8 19 86 89 2 2 127 55 23 2 1 0 0 59 121 9 4 9 0 0 0 34 11 4 12 16 0 0 0 5 59 127 15 1 2 36 4 1 65 109 100 31 0 0 0 7 85 43 14 11 3 0 0 9 8 1 0 9 5 0 0 4 
219.467 166.218 8.02225 2.19813 0 4 5 5 17 0 0 1 12 0 0 5 129 37 6 15 80 0 0 1 16 10 6 55 3 0 0 2 8 2 0 2 0 0 0 1 21 25 9 2 18 0 0 1 129 129 7 19 129 8 0 0 24 29 10 112 12 3 1 0 6 9 6 15 0 0 2 7 90 77 3 0 67 15 0 0 129 129 3 5 129 92 6 5 7 17 2 12 13 15 9 15 5 0 3 4 0 0 0 1 123 86 23 0 87 66 1 3 123 58 0 0 129 109 2 7 2 0 0 0 6 5 2 38 30 0 3 1 
219.467 166.218 8.02225 5.7843 0 0 1 47 117 0 2 9 61 0 0 52 154 5 0 25 154 7 0 0 4 0 0 73 32 7 1 0 0 4 7 16 1 0 1 20 79 10 22 37 66 9 3 138 154 6 2 3 154 36 3 17 12 0 0 24 43 19 4 0 0 0 2 9 2 2 5 8 17 8 6 4 19 8 31 154 85 3 1 0 154 17 22 80 8 0 0 78 54 2 2 0 0 0 1 53 6 2 1 0 0 1 0 1 8 3 13 59 7 0 0 10 45 13 22 106 14 0 0 22 57 11 5 1 0 1 6 35 
132.533 114.989 9.7943 1.56446 0 0 0 0 68 52 5 9 16 9 0 0 134 108 15 6 80 134 23 0 4 29 6 8 8 134 30 3 16 5 0 0 11 1 4 9 95 112 3 11 56 7 22 55 109 105 5 27 134 41 4 6 2 4 2 59 46 11 0 3 43 10 0 4 9 29 35 39 81 9 0 0 26 50 134 134 17 2 0 1 134 86 58 48 0 0 0 6 42 2 0 4 27 8 1 3 20 23 15 15 22 1 0 0 37 23 32 46 0 0 0 4 20 34 50 34 0 0 0 0 8 6 2 8 18 2 0 0 
214.986 116.584 9.75922 5.71234 40 5 35 35 2 4 11 104 50 6 0 1 0 0 18 147 35 8 4 1 0 0 4 61 2 1 6 8 0 0 2 2 19 1 33 136 137 2 0 13 147 63 0 6 25 2 2 71 99 97 2 1 0 0 1 24 5 5 6 17 1 1 2 0 15 1 0 48 147 7 2 7 147 24 1 11 63 2 0 38 121 23 0 0 0 4 8 20 0 0 0 5 4 13 28 3 5 4 5 65 126 8 3 2 147 46 10 42 32 0 0 9 83 16 2 2 1 1 0 12 0 0 2 20 8 8 4 0 
204.531 146.699 11.5372 2.43956 3 16 5 7 13 1 0 4 7 0 1 20 141 28 11 36 33 0 0 0 17 11 11 96 1 1 0 0 2 2 1 1 6 6 9 4 24 9 1 8 33 0 0 5 149 101 5 18 149 22 5 6 44 25 6 61 13 9 5 23 8 7 7 1 0 2 7 4 43 49 4 2 48 8 0 13 149 82 2 3 149 28 2 11 40 4 2 50 24 3 8 68 12 2 4 17 0 0 0 34 36 22 4 4 9 0 0 147 106 36 2 6 60 3 5 37 32 5 56 149 15 5 4 7 1 0 32 149 
204.531 146.699 11.5372 5.71874 1 1 85 150 16 17 10 4 42 6 62 108 36 2 7 84 104 38 0 2 3 0 11 145 30 20 6 6 0 0 1 19 3 0 16 45 29 1 11 54 52 1 9 103 150 6 2 18 150 50 0 5 36 2 0 45 37 28 1 2 1 6 10 6 7 10 5 1 13 6 9 41 39 12 7 93 150 13 6 9 150 50 7 34 35 0 0 20 32 8 2 10 5 6 5 7 1 2 1 0 1 2 0 0 9 6 15 87 21 1 0 1 117 19 20 65 6 0 0 31 27 2 0 1 3 13 6 19 
159.625 149.212 15.8638 1.9516 2 3 8 6 16 78 3 1 31 17 0 0 38 127 22 15 73 26 0 0 1 17 13 33 0 0 0 0 0 0 0 0 2 0 0 0 127 127 6 2 127 127 1 0 55 127 5 20 74 99 10 19 30 7 1 6 0 0 0 3 6 4 0 0 2 0 9 24 127 51 11 3 127 57 40 21 75 14 2 111 106 20 3 46 40 0 0 48 0 0 2 31 18 1 0 0 0 8 50 65 34 6 2 0 41 117 124 22 8 0 0 5 38 54 21 22 12 0 0 6 0 0 10 43 17 0 0 0 
